format longG

q = [    9000000.0000  9100000.0000
        15200000.0000 16200000.0000
        17900000.0000 18400000.0000
        22400000.0000 23800000.0000
        59000000.0000 59500000.0000
        22400000.0000 23800000.0000
        62900000.0000 64600000.0000
        71500000.0000 71700000.0000
        67000000.0000 67200000.0000
        82900000.0000 83200000.0000
        85000000.0000 85200000.0000
]
q / 1000 * 32768

q = [75000 77700; 82900 83200]

q * 32768

q = [53000 55300; 69500 69600]

