format longG

q = [600000.0000  6500000.0000
52800000.0000 58000000.0000
59600000.0000 59650000.0000
63730000.0000 63770000.0000
65800000.0000 66300000.0000
67000000.0000 67100000.0000
69100000.0000 69200000.0000
70400000.0000 70500000.0000
11500000.0000 11520000.0000
12750000.0000 12800000.0000
16050000.0000 16410000.0000
18200000.0000 19000000.0000
20700000.0000 20800000.0000
63750000.0000 63800000.0000
69200000.0000 69300000.0000
84100000.0000 84200000.0000]

q / 1000 * 32768

